//#rank wtime utime stime mtime pcomm gbyte gflop bytes_tx bytes_rx
14 99.9683140505776 100 30.9471517300067 100 100 0 = =
15 99.9657449195434 99.9895016797312 30.8606425688631 95.8829820586424 100 0 = =
11 99.9683140505776 99.5214515677492 37.5301457944189 85.9695426054436 100 0 = =
12 99.9683140505776 99.4007208846585 39.8143407472273 85.8341319375732 100 0 = =
13 99.9683140505776 99.4304661254199 39.4774846666926 79.4740551826265 100 0 = =
0 99.9948617379315 86.3179766237402 100 73.4030323985032 100 0 = =
7 100 98.5101133818589 52.7836529464314 66.0461641426326 100 0 = =
9 100 98.5827267637178 51.0234563411215 65.8638377918056 100 0 = =
1 99.9948617379315 98.5022396416573 51.0610613438227 64.6122340981405 100 0 = =
3 99.9940053609201 98.4952407614782 50.5126991917573 64.4854950493949 100 0 = =
10 99.9931489839087 98.6728373460246 48.988725561162 64.3740980960237 100 0 = =
2 99.9948617379315 98.0088185890258 51.6110124396643 63.8444622817921 100 0 = =
8 99.9905798528744 98.3456396976484 52.9587898604201 63.7897643765439 100 0 = =
5 99.9991436229886 98.4681201007839 53.1224510693592 62.5281549685042 100 0 = =
4 99.9948617379315 97.9808230683091 49.8495799891952 62.1452696317675 100 0 = =
6 99.9991436229886 98.395506718925 54.5403185655722 60.945250954434 100 0 = =


