//#rank wtime utime stime mtime pcomm gbyte gflop bytes_tx bytes_rx
12 99.9953301578407 100 27.0798388422957 100 100 0 = =
15 100 99.8017121242285 31.6028065559393 96.4648188399289 100 0 = =
8 99.992995236761 98.698785586303 43.7788466809187 89.9333560868706 100 0 = =
11 99.9898820086548 98.5721680270754 45.3987830948857 86.0627099462897 100 0 = =
0 99.9937735437876 87.7889707346207 100 84.0616860371122 100 0 = =
7 99.9937735437876 98.7465657973323 42.2712821356137 80.5646769297095 100 0 = =
4 99.9968867718938 97.7670714712323 58.9253412267719 75.3329501158634 100 0 = =
3 99.9961084648672 97.6866414493331 60.0030148550129 73.4580287053836 100 0 = =
13 99.9945518508141 99.7873780609198 30.7811215260648 56.6337638542097 100 0 = =
14 99.9696460259643 99.9952219788971 29.7574412103273 56.4453286389193 100 0 = =
10 99.9906603156813 98.6924148914991 43.7792577975114 45.6911386947852 100 0 = =
9 99.9922169297344 98.4168823412303 45.7593323466535 43.1103486680199 100 0 = =
6 99.9945518508141 98.7202866812662 43.4998355533629 42.4575616590921 100 0 = =
2 99.9961084648672 97.6834561019311 60.1434796908403 33.6447574053782 100 0 = =
1 99.9953301578407 97.7997212821023 58.3762264978348 32.4354667768417 100 0 = =
5 99.9937735437876 97.8968743778618 56.8794880228033 32.2000574826205 100 0 = =


